1992 0 2 0 2 0 0 0 1 2 2 1 1 0 2 1 2 1 1 2 1 2 1 1 2 1 1 1 0 1 0 0 1 1 0 0 2 1 1 1 1 2 1 1 2 2 2 0 0 1 0 1
1993 2 1 2 1 1 0 2 1 1 0 2 0 2 0 2 1 2 1 0 2 0 1 0 1 2 0 2 0 0 2 1 2 2 2 2 0 2 0 0 0 0 0 2 2 1 2 1 0 1 2 2
1994 0 2 2 1 1 2 1 1 0 0 2 0 1 1 1 1 1 2 1 0 1 1 2 1 1 1 0 1 2 2 2 1 2 0 2 2 1 0 0 1 1 1 1 0 2 1 2 0 0 0 1
1995 0 2 0 2 0 0 0 1 2 2 1 1 0 2 1 2 1 1 2 1 2 1 1 2 1 1 1 0 1 0 0 1 1 0 0 2 1 1 1 1 2 1 1 2 2 2 0 0 1 0 1
1996 2 1 2 1 1 0 2 1 1 0 2 0 2 0 2 1 2 1 0 2 0 1 0 1 2 0 2 0 0 2 1 2 2 2 2 0 2 0 0 0 0 0 2 2 1 2 1 0 1 2 2
1997 0 2 2 1 1 2 1 1 0 0 2 0 1 1 1 1 1 2 1 0 1 1 2 1 1 1 0 1 2 2 2 1 2 0 2 2 1 0 0 1 1 1 1 0 2 1 2 0 0 0 1
1998 0 2 0 2 0 0 0 1 2 2 1 1 0 2 1 2 1 1 2 1 2 1 1 2 1 1 1 0 1 0 0 1 1 0 0 2 1 1 1 1 2 1 1 2 2 2 0 0 1 0 1
1999 2 1 2 1 1 0 2 1 1 0 2 0 2 0 2 1 2 1 0 2 0 1 0 1 2 0 2 0 0 2 1 2 2 2 2 0 2 0 0 0 0 0 2 2 1 2 1 0 1 2 2
2000 0 2 2 1 1 2 1 1 0 0 2 0 1 1 1 1 1 2 1 0 1 1 2 1 1 1 0 1 2 2 2 1 2 0 2 2 1 0 0 1 1 1 1 0 2 1 2 0 0 0 1
2001
2002
2003
2004
2005
2006
2007
2008
2009
2010
2011
2012
2013
2014
2015
2016
2017
2018
2019
